"delai"
369
250
250
60
39
3
68
168
345
85
189
43
187
95
157
129
164
35
147
157
404
242
101
158
187
189
79
128
246
160
110
202
402
14
2
103
66
118
61
134
162
58
188
157
464
553
10
24
57
63
130
187
221
63
10
22
85
464
133
249
399
163
195
137
45
28
167
106
132
181
20
54
63
46
219
162
157
1
521
131
131
161
83
183
11
112
170
366
98
175
160
131
309
189
189
128
128
34
125
397
83
58
99
175
38
129
160
403
6
39
37
188
427
423
33
202
20
16
51
25
81
171
21
115
42
16
217
23
14
9
0
15
4
245
155
155
1
202
128
63
105
10
113
12
18
12
446
370
157
371
42
65
77
280
62
130
111
129
157
78
68
99
99
55
5
280
142
27
249
66
185
137
124
9
14
8
48
77
29
101
342
127
3
5
66
43
63
42
29
105
184
32
28
276
2
373
171
131
16
31
27
67
52
431
65
98
98
183
188
187
188
151
